19400.0
19400.0
19480.0
19480.0
19680.0
19680.0
19640.0
19640.0
17920.0
17920.0
18000.0
18000.0
11135.0
11135.0
10895.0
10895.0
10935.0
10935.0
10935.0
10735.0
10735.0
10735.0
10775.0
10775.0
10775.0
10975.0
10975.0
10735.0
10735.0
11505.0
11505.0
11505.0
11585.0
11585.0
11585.0
11465.0
11465.0
11465.0
11305.0
11305.0
11175.0
11175.0
11175.0
10815.0
10815.0
10815.0
10975.0
10975.0
10975.0
11665.0
11665.0
11665.0
11625.0
11625.0
11625.0
11505.0
11505.0
11505.0
11585.0
11585.0
10855.0
10855.0
10855.0
10935.0
10935.0
10935.0
11055.0
11055.0
11055.0
11055.0
11055.0
10935.0
10935.0
11015.0
11015.0
11015.0
11135.0
11135.0
11135.0
10975.0
10975.0
10975.0
10855.0
10855.0
10855.0
11385.0
11385.0
11265.0
11265.0
11585.0
11585.0
11625.0
11625.0
11625.0
11625.0
11545.0
11545.0
11095.0
11095.0
11175.0
11175.0
11135.0
11135.0
11135.0
11135.0
11385.0
11385.0
11505.0
11505.0
11625.0
11625.0
11345.0
11345.0
11585.0
11585.0
11225.0
11225.0
11505.0
11505.0
11055.0
11055.0
11055.0
11095.0
11095.0
11095.0
11175.0
11175.0
11175.0
10895.0
10895.0
10895.0
11225.0
11225.0
11225.0
11385.0
11385.0
11385.0
11305.0
11305.0
11305.0
11425.0
11425.0
11425.0
11385.0
11385.0
11425.0
11425.0
11465.0
11465.0
11665.0
11665.0
10895.0
10895.0
10735.0
10735.0
11385.0
11385.0
11305.0
11305.0
11585.0
11585.0
11385.0
11385.0
11135.0
11135.0
10935.0
10935.0
10775.0
10775.0
10855.0
10855.0
11175.0
11175.0
10895.0
10895.0
11055.0
11055.0
11135.0
11135.0
11345.0
11345.0
11665.0
11665.0
11585.0
11585.0
11545.0
11545.0
10815.0
10815.0
11135.0
11135.0
10935.0
10935.0
10815.0
10815.0
11545.0
11545.0
11265.0
11265.0
11625.0
11625.0
11665.0
11665.0
11665.0
11545.0
11545.0
11545.0
19320.0
19320.0
19600.0
19600.0
11055.0
11055.0
10735.0
10735.0
18040.0
18040.0
17880.0
17880.0
17840.0
17840.0
17960.0
17960.0
11015.0
11015.0
10815.0
10815.0
11055.0
11055.0
10855.0
10855.0
11545.0
11545.0
11265.0
11265.0
