19.749229476925837
34.683224952640444
70.5820763722425
31.032056863235145
33.69100480501117
28.831995070884755
48.456622318626295
26.133213050285686
44.60977179886088
60.66887732394655
60.398315853365254
86.64150156889069
40.8296572802084
77.13284452692737
27.575627547195424
24.43268184680918
55.66451475455209
29.922004626329205
26.64506764644007
42.67955321911992
61.71719069533396
84.28760595328798
15.047359860224981
29.883046291690587
31.53900989629432
49.53030883124903
31.014124832710205
14.782026133621281
