20.04404425008884
31.023143169103967
54.38215641983465
23.337503957420253
43.641518672053756
28.023747291531926
22.916641327649888
38.67410055304358
30.396263110685098
38.88379021375861
27.808119869861915
37.39838315120009
32.785230030957386
28.893798836642695
48.274335188561444
24.664014549441518
29.25824569359878
32.675161718238996
51.944657833994626
20.770026827478738
31.79921184088195
30.97126868961542
30.538198371554206
38.1103504722145
21.246402749213324
55.020694194085046
9.273341101264688
36.20610081542897
37.367492567605765
36.82003133777366
7.556353912978343
37.745203683193935
24.68933851437448
46.8054025864682
54.93432381527413
30.595945764104897
15.668578294201334
