22475.0
22475.0
22675.0
22925.0
22925.0
6685.0
6375.14
6685.0
6375.14
6685.0
6375.14
11225.0
11465.0
11625.0
11545.0
10935.0
10775.0
10815.0
11175.0
11505.0
11545.0
11625.0
11585.0
10975.0
10935.0
11015.0
11055.0
11665.0
11665.0
11665.0
11625.0
11625.0
11625.0
11265.0
11385.0
11385.0
11385.0
11385.0
11545.0
11545.0
11545.0
11225.0
11225.0
11225.0
11345.0
11345.0
11345.0
11545.0
11545.0
11545.0
11465.0
11465.0
11465.0
11425.0
11425.0
11425.0
11665.0
11665.0
11665.0
11585.0
11625.0
11465.0
11505.0
11665.0
11625.0
11545.0
11545.0
11545.0
11585.0
11585.0
11585.0
11665.0
11665.0
11665.0
11625.0
11625.0
11625.0
10935.0
11055.0
10975.0
11015.0
10935.0
10935.0
10935.0
10735.0
10735.0
10735.0
10815.0
10775.0
10855.0
10855.0
10855.0
18000.0
18000.0
18000.0
18040.0
18040.0
18040.0
10735.0
11095.0
10855.0
10855.0
10855.0
10975.0
10975.0
10975.0
11385.0
11385.0
11385.0
11425.0
11425.0
11425.0
11505.0
11505.0
11305.0
11305.0
11305.0
11505.0
11585.0
11505.0
11625.0
11665.0
11545.0
11225.0
11345.0
6226.89
6286.19
6286.19
6286.19
6286.19
21275.0
21275.0
21275.0
21275.0
21625.0
21625.0
21625.0
21625.0
11225.0
11225.0
11225.0
11305.0
11265.0
11345.0
11345.0
11345.0
19560.0
19560.0
19560.0
19600.0
19600.0
19600.0
11225.0
11585.0
11345.0
11345.0
11345.0
11465.0
11465.0
11465.0
21775.0
21775.0
21725.0
21725.0
21525.0
21575.0
22475.0
22475.0
19440.0
19440.0
19440.0
19440.0
19440.0
19440.0
19440.0
19440.0
19440.0
11015.0
11465.0
11505.0
11225.0
11625.0
10975.0
10895.0
11175.0
11135.0
11095.0
10815.0
10935.0
11055.0
10775.0
10935.0
11095.0
11095.0
11095.0
10895.0
10895.0
10895.0
11015.0
11015.0
11015.0
10975.0
10975.0
10975.0
11545.0
11625.0
11665.0
11585.0
11545.0
