52.05433815477904
95.90924614622371
29.71929411839825
64.94057527387093
50.52652310120896
50.03888013488845
57.401142516040636
54.255599990830625
55.52959344390167
69.00735804270205
82.18967856021973
60.66060668791575
59.71031035238711
33.29205901424642
96.88207787698693
108.53384095907509
40.26042871023063
91.56483592178797
32.3401258011257
13.526317057821306
59.70781085400137
33.294564838525694
24.488198994248407
27.72491097640346
32.31153167159156
98.10549702029161
64.25880303045446
24.24854880169589
54.74629879983138
51.452621026220164
58.86295359786268
119.72260448757844
30.621149844232853
