10995.0
10795.0
11035.0
6286.19
6286.19
6286.19
6286.19
6286.19
6595.0
6595.0
6595.0
6595.0
6755.0
6655.0
6815.0
6655.0
6815.0
6655.0
6845.0
6845.0
6685.0
6785.0
6375.14
6375.14
6345.49
6345.49
6345.49
6345.49
6345.49
6004.5
6004.5
6625.0
6625.0
6625.0
6345.49
6123.1
6404.79
6152.75
6152.75
6063.8
6315.84
6315.84
6845.0
6685.0
6404.79
6152.75
6152.75
6152.75
6404.79
6152.75
6375.14
6845.0
6685.0
6845.0
6197.24
6595.0
6595.0
6595.0
6595.0
6555.0
6555.0
6725.0
6685.0
6404.79
6404.79
6404.79
6815.0
11405.0
6256.54
6345.49
6725.0
10795.0
10715.0
