0.554764177717268
20.0478181636202
29.226594767589155
62.637164670097555
24.35295978194696
18.191592351976666
48.915658290677925
46.132808141745265
21.93591140105868
43.95088753346606
36.691943666803745
15.91004813529789
33.88458064075656
29.901822592836027
29.229952730706913
50.07578913161534
73.06806734285438
93.32102570742671
35.24771121653589
36.37179942474234
28.072841028341198
30.53846090586556
27.95552869284939
49.85758473305202
59.21974200690084
96.63722503274347
29.866854350247134
31.833729669307324
49.520424842713204
31.014124832710205
14.531605919025258
46.13275031012259
21.936056369546677
65.03540854682231
69.81675074931857
22.124036572927416
23.2421328766255
39.5989978510631
