19345.0
19345.0
19345.0
19675.0
19675.0
10915.0
6152.75
6152.75
6152.75
6375.14
6375.14
6375.14
6093.45
6093.45
6093.45
6093.45
6093.45
5974.85
5974.85
5974.85
6345.49
6345.49
6345.49
6345.49
6345.49
5974.85
5974.85
5974.85
10755.0
10755.0
10755.0
6123.1
6123.1
6123.1
6123.1
6123.1
6315.84
6315.84
6315.84
10795.0
10795.0
10795.0
10795.0
10795.0
5945.2
5945.2
5945.2
5945.2
5945.2
5945.2
5945.2
5945.2
6004.5
6004.5
6004.5
6004.5
6004.5
6197.24
6197.24
6197.24
6197.24
6197.24
5974.85
5974.85
5974.85
6034.15
6034.15
6034.15
6286.19
6286.19
6286.19
6197.24
6197.24
6197.24
6197.24
6197.24
6655.0
6655.0
6655.0
6655.0
6655.0
6034.15
6034.15
6034.15
6034.15
6034.15
6655.0
6655.0
6655.0
6655.0
6655.0
6004.5
6004.5
6004.5
6004.5
6004.5
6655.0
6655.0
6655.0
6655.0
6655.0
6315.84
6315.84
6315.84
6315.84
6315.84
6315.84
6286.19
6286.19
6286.19
6286.19
6286.19
6286.19
6123.1
6123.1
6123.1
10795.0
10795.0
10795.0
6226.89
6226.89
6226.89
11245.0
11245.0
11245.0
6685.0
6685.0
6685.0
6685.0
6685.0
6555.0
6845.0
5974.85
5974.85
5974.85
5974.85
5974.85
6345.49
6345.49
6345.49
6063.8
6063.8
6063.8
6063.8
6063.8
6197.24
6197.24
6197.24
6197.24
6197.24
