15.326360472549291
25.891741588682574
10.699937236757629
23.02177102715591
19.086426925605686
20.252159140079637
19.71731932116157
19.876834178497376
23.93180380237195
21.07220921485034
18.651196640376
18.65441919198643
25.66185695612103
25.379653058411584
17.65284110271166
24.41872407140504
15.770787413435226
28.537101838745926
21.38459035183298
17.404066002473023
10.511958114570298
13.520190011982894
14.946936257643264
16.391937149032124
27.28218452902582
19.136330881329776
15.99665044509917
19.646377342205632
17.246336383793526
29.99829180910038
20.092107457998093
22.897371839405455
15.184338416083685
12.514524380291181
28.4506816124863
19.978608614504072
15.810955382087933
19.901944692862987
15.025495470986096
11.732959804011598
16.89451175783599
18.000617968755225
20.86632922732303
24.704107336524917
6.6514870756818265
24.460509356548286
8.818307642060901
17.33937348460973
15.686235709992419
15.21642694222014
9.169181531358795
6.529769208768723
8.877678653025836
19.792156738928878
9.654125178140951
23.792894584953785
21.888087728407562
9.802541899270546
19.41151330587681
20.995229744345107
12.875283401855738
7.793063135832699
18.239279687877563
14.822899976170136
10.596196666941854
12.969909895904415
41.8334472178607
19.88317299582648
21.58135865798828
41.168527502487976
18.57200681390646
8.102114595428272
3.8207740022131107
