20.47613363804201
36.57397250383921
70.57526105920886
43.641518672053756
50.92717714608699
39.41662368430459
37.9009566029024
53.41905128332911
33.57832314797282
33.28651698924345
41.34304164763898
37.673457774876084
46.868953124588245
43.6871879768618
45.32157821627076
42.21078511705496
43.844354107458926
62.30476927040113
30.694486985376713
96.83886580193621
70.32720432672835
20.32948348294464
29.213446404485154
25.357338305356638
33.90452513982371
59.68548513330122
25.643627356729546
15.305814458284429
