10755.0
10755.0
6375.14
6375.14
6093.45
6093.45
11565.0
11605.0
11605.0
11605.0
11605.0
11685.0
11525.0
11525.0
11525.0
11525.0
11075.0
10915.0
10915.0
10915.0
10915.0
11605.0
11685.0
11685.0
11685.0
11685.0
11485.0
11525.0
11525.0
11525.0
11525.0
11245.0
11605.0
11605.0
11605.0
11605.0
10875.0
10875.0
10875.0
10875.0
10715.0
10955.0
10955.0
10955.0
10955.0
11075.0
11485.0
11485.0
11485.0
11485.0
11605.0
6034.15
6152.75
6152.75
6555.0
6655.0
6655.0
10715.0
10835.0
10835.0
10835.0
10835.0
11155.0
11155.0
11155.0
11155.0
11245.0
11285.0
11285.0
11285.0
11285.0
11605.0
11645.0
11645.0
11645.0
11645.0
19315.0
11685.0
11525.0
11525.0
11525.0
11525.0
6093.45
6093.45
11645.0
10835.0
6555.0
6755.0
6595.0
10795.0
21935.0
22285.0
