23.737331933091518
26.77950679605378
54.29444478492278
28.670014207820415
33.26202235747428
37.894800914654816
36.190641047827505
22.275811346789215
39.95686656554456
38.5042291777978
39.15834583057203
33.31332026334177
48.29484047043826
23.94150441265211
27.153089104494576
29.00894014637008
21.760611464438067
29.63582103650274
35.49751697612259
47.84665937519422
32.68577521645393
50.19871419599069
36.37563344981231
54.826604652632184
48.05321586732349
53.58318831529818
61.544352121886476
46.27987009893103
50.58680692009293
30.085015402637218
47.276332859782094
8.867242819188991
