52.05433815477904
95.90924614622371
29.71929411839825
64.94057527387093
50.52652310120896
50.03888013488845
57.401142516040636
54.255599990830625
55.52959344390167
69.00735804270205
82.18967856021973
60.66060668791575
59.71031035238711
33.29205901424642
96.88207787698693
119.72260448757844
59.239370201088576
59.69542236314239
26.13415131531104
14.67237658015864
59.70781085400137
33.294564838525694
79.14186823389295
16.768166623803783
24.488198994248407
27.72491097640346
32.31153167159156
98.10549702029161
51.452621026220164
58.86295359786268
108.53384095907509
40.26042871023063
91.56483592178797
30.621149844232853
108.59343630775928
40.06603109983712
61.612489091041766
36.39838161624067
21.364069857951346
23.8516312670205
33.437050368855246
36.392268482801654
