30.32217924693558
45.698454072530815
55.95993273028978
42.19741736066293
32.774577902167636
45.10976604179161
37.160271220505216
38.944691038627795
37.955114703816946
27.676976250310506
41.67348718113238
29.351661244126685
56.48700820573751
35.49148698557239
42.40062201462446
20.066114590380625
44.24755632343278
54.15616299270005
41.16407853390007
67.3947771438058
22.011353622224423
42.852353695309944
71.48562982751156
52.87465764900948
37.95883443383619
54.921565329087564
62.47458172496419
43.552614725532734
29.047679323975014
29.56739103861619
