19.749229476925837
37.290146233745546
55.2943650249032
25.434182139066436
43.76661694118322
58.84210507508645
50.52652310120896
50.03888013488845
57.401142516040636
54.255599990830625
91.88767525331303
44.186315878701336
70.46885285940377
60.66060668791575
59.71031035238711
33.29205901424642
96.88207787698693
119.72260448757844
59.239370201088576
59.69542236314239
26.13415131531104
14.604559734881926
59.70781085400137
33.294564838525694
77.04455626143985
47.53425559736746
55.52959344390167
69.00735804270205
82.18967856021973
108.53384095907509
40.26042871023063
91.56483592178797
24.816991870605634
34.69097556921201
27.72491097640346
95.90924614622371
29.71929411839825
64.94057527387093
79.14186823389295
16.768166623803783
30.621149844232853
32.30629878455201
58.727178666432025
32.64259900945788
109.50890931190831
45.16129551138239
61.612489091041766
36.39838161624067
21.364069857951346
23.8516312670205
108.59343630775928
40.06603109983712
33.437050368855246
36.392268482801654
19.541524267003823
24.488198994248407
52.05433815477904
24.488198994248407
19.541524267003823
