19615.0
19615.0
19615.0
19615.0
19615.0
19615.0
19585.0
19585.0
19585.0
19585.0
19585.0
19585.0
11075.0
11075.0
11075.0
11155.0
11155.0
11155.0
10835.0
10835.0
10835.0
10995.0
10995.0
10995.0
11215.0
11215.0
11215.0
11365.0
11365.0
11365.0
6315.84
6315.84
6315.84
6226.89
6226.89
6226.89
10915.0
10915.0
10915.0
10955.0
10955.0
10955.0
6286.19
6286.19
6286.19
6404.79
6404.79
6404.79
11285.0
11285.0
11285.0
11365.0
11365.0
11365.0
10835.0
10835.0
10835.0
10915.0
10915.0
10915.0
11215.0
11215.0
11215.0
11285.0
11285.0
11285.0
6345.49
6345.49
6345.49
6315.84
6315.84
6315.84
10875.0
10875.0
10875.0
10835.0
10835.0
10835.0
11245.0
11245.0
11245.0
11365.0
11365.0
11365.0
6034.15
6034.15
6034.15
6063.8
6063.8
6063.8
10715.0
10715.0
10715.0
10755.0
10755.0
10755.0
10875.0
10875.0
10875.0
10915.0
10915.0
10915.0
6093.45
6093.45
6093.45
6063.8
6063.8
6063.8
6226.89
6226.89
6226.89
6197.24
6197.24
6197.24
5945.2
5945.2
5945.2
5974.85
5974.85
5974.85
6034.15
6034.15
6034.15
6093.45
6093.45
6093.45
6345.49
6345.49
6345.49
6375.14
6375.14
6375.14
6063.8
6063.8
6063.8
5945.2
5945.2
5945.2
6815.0
6815.0
6815.0
6725.0
6725.0
6725.0
6123.1
6123.1
6123.1
5974.85
5974.85
5974.85
6595.0
6595.0
6595.0
6655.0
6655.0
6655.0
10715.0
10715.0
10715.0
11035.0
11035.0
11035.0
11285.0
11285.0
11285.0
11645.0
11645.0
11645.0
