10855.0
10855.0
10895.0
10895.0
11265.0
11265.0
11545.0
11545.0
11625.0
11625.0
11385.0
11385.0
11175.0
11175.0
11095.0
11095.0
11385.0
11385.0
11505.0
11505.0
10815.0
10815.0
11175.0
11175.0
11465.0
11385.0
11385.0
11225.0
11225.0
11505.0
11505.0
11175.0
11175.0
10855.0
10855.0
10935.0
10935.0
11055.0
11055.0
11625.0
11625.0
11465.0
11465.0
11545.0
11545.0
11305.0
11305.0
11385.0
11665.0
11665.0
10975.0
10975.0
10735.0
10735.0
10815.0
10815.0
11095.0
11095.0
11665.0
11665.0
11465.0
11465.0
11625.0
11625.0
11545.0
11545.0
10775.0
10775.0
10895.0
10895.0
11225.0
11225.0
11505.0
11505.0
10895.0
11175.0
17760.0
17760.0
17880.0
17880.0
11305.0
11305.0
11345.0
11345.0
11135.0
11135.0
11015.0
11015.0
11265.0
11265.0
11625.0
11385.0
11385.0
11505.0
11505.0
11445.0
11525.0
11585.0
11585.0
