54.629731524765944
69.3834136566038
52.099989683319286
37.42751497306308
61.22949369310823
50.33935245092825
33.9442016037256
52.67635509649524
37.75529719416327
95.49700766723275
41.563573146978705
56.23528335566222
39.77811987678756
39.84985271202282
48.60253824012843
52.98373594357576
50.69147763191182
57.595992510771694
99.03158994083246
29.594785578324142
31.83265551311472
43.38635042824399
37.1214540740042
14.518085062570801
65.54978312404765
63.54546810910372
64.26519641964481
47.165463361879326
32.810954134216594
48.515938745861774
48.29390501045461
61.731070663490016
44.452779299003076
25.896984051508507
84.96042083067408
16.67683977523724
64.83387790894838
36.42158858354902
58.85916810892363
52.28056794376137
30.062714148192214
80.80201915179964
80.77336217044122
16.70734794920013
41.192939669458056
36.183818485460485
24.12921629164502
