6093.45
6655.0
6655.0
6655.0
6785.0
6625.0
6625.0
6625.0
5945.2
6375.14
6625.0
6555.0
6655.0
6655.0
6655.0
6655.0
6655.0
6034.15
6034.15
6034.15
6034.15
6034.15
6625.0
6625.0
6625.0
6625.0
6625.0
6375.14
6404.79
10755.0
10755.0
10755.0
6685.0
6685.0
6685.0
6685.0
6685.0
6004.5
6004.5
6004.5
6004.5
6004.5
6286.19
6286.19
6286.19
6286.19
6286.19
6375.14
6375.14
6375.14
6375.14
6375.14
6755.0
6755.0
6755.0
6755.0
6755.0
6785.0
6785.0
6785.0
6785.0
6785.0
6625.0
6625.0
6625.0
6625.0
6625.0
6555.0
6655.0
6555.0
6555.0
6555.0
6555.0
6555.0
6004.5
6004.5
6004.5
6004.5
6004.5
6815.0
6815.0
6815.0
6815.0
6815.0
6063.8
6063.8
6063.8
6063.8
6063.8
6063.8
6286.19
6286.19
6286.19
6286.19
6286.19
6286.19
6123.1
6123.1
6123.1
11285.0
11285.0
11285.0
