54.627275217103616
69.38575793933083
52.099989683319286
60.540975098074234
40.597147425208824
39.22059320849639
28.160323257481856
41.99087918322381
42.061532111936685
20.857789323530458
95.47300575868258
34.17960076298325
73.64007238876651
25.900889508692455
38.503500942438826
36.44101330474305
22.665529539882638
51.91434773690937
49.85758473305202
59.21974200690084
96.63722503274347
29.866854350247134
31.833729669307324
49.520424842713204
31.014124832710205
14.531605919025258
18.565111048251765
36.06228042623369
69.45993894018669
52.04235063899204
29.229952730706913
60.023303220262186
43.44982373764918
37.33337540189499
54.20744608090709
87.21375893127204
41.26704939652902
66.72356090997907
61.43069292629758
56.96624815148046
58.125780664382674
19.06224507756009
18.191592351976666
48.915658290677925
46.132808141745265
21.93591140105868
43.95088753346606
36.691943666803745
15.91004813529789
33.88458064075656
29.901822592836027
46.13275031012259
21.936056369546677
65.03540854682231
69.81675074931857
22.124036572927416
23.2421328766255
39.5989978510631
77.13284452692737
23.38466223606055
20.170293226576813
35.95593797393581
28.072841028341198
30.53846090586556
27.95552869284939
84.28225624741836
50.07578913161534
73.06806734285438
93.32102570742671
35.137124405424736
35.24771121653589
36.37179942474234
18.35635802111858
20.346036743150208
34.39733464922797
28.312823067162018
18.215125583561406
20.366447634948283
20.02184295194912
18.093623257592355
0.4679238696219257
0.5530396924961009
18.069742085917156
22.46508341557778
21.909599286223248
0.5530396924961009
0.4679238696219257
