6093.45
6655.0
6655.0
6655.0
6785.0
6625.0
6625.0
6625.0
5945.2
6375.14
6625.0
6555.0
6655.0
6655.0
6655.0
6655.0
6655.0
6034.15
6034.15
6034.15
6034.15
6034.15
6625.0
6625.0
6625.0
6625.0
6625.0
6375.14
6404.79
10755.0
10755.0
10755.0
6685.0
6685.0
6685.0
6685.0
6685.0
6004.5
6004.5
6004.5
6004.5
6004.5
6286.19
6286.19
6286.19
6286.19
6286.19
6375.14
6375.14
6375.14
6375.14
6375.14
6755.0
6755.0
6755.0
6755.0
6755.0
6785.0
6785.0
6785.0
6785.0
6785.0
6625.0
6625.0
6625.0
6625.0
6625.0
6555.0
6655.0
6555.0
6555.0
6555.0
6555.0
6555.0
6004.5
6004.5
6004.5
6004.5
6004.5
6815.0
6815.0
6815.0
6815.0
6815.0
6063.8
6063.8
6063.8
6063.8
6063.8
6063.8
6286.19
6286.19
6286.19
6286.19
6286.19
6286.19
6123.1
6123.1
6123.1
11285.0
11285.0
11285.0
6315.84
10955.0
6123.1
5945.2
5945.2
6034.15
6034.15
6034.15
6034.15
6034.15
6345.49
6815.0
6815.0
6815.0
6725.0
6004.5
6004.5
6004.5
6004.5
6004.5
6123.1
6404.79
6755.0
6123.1
6226.89
6226.89
6226.89
6226.89
6226.89
11285.0
6286.19
6004.5
6123.1
6034.15
6375.14
6286.19
5974.85
5974.85
5974.85
6345.49
6345.49
6345.49
6345.49
6345.49
5974.85
5974.85
5974.85
10755.0
10755.0
10755.0
6123.1
6123.1
6123.1
6123.1
6123.1
6315.84
6315.84
6315.84
10795.0
10795.0
10795.0
10795.0
10795.0
5945.2
5945.2
5945.2
5945.2
5945.2
5945.2
5945.2
5945.2
6226.89
6226.89
6226.89
11245.0
11245.0
11245.0
6685.0
6685.0
6685.0
6685.0
6685.0
6555.0
6845.0
5974.85
5974.85
5974.85
5974.85
5974.85
6345.49
6345.49
6345.49
6063.8
6063.8
6063.8
6063.8
6063.8
6197.24
6197.24
6197.24
6197.24
6197.24
6815.0
6595.0
6655.0
6093.45
6063.8
6034.15
6595.0
6226.89
6345.49
6655.0
6655.0
6655.0
6655.0
6655.0
6034.15
6034.15
6034.15
6034.15
6034.15
6655.0
6655.0
6655.0
6655.0
6655.0
6345.49
6315.84
6197.24
6197.24
6197.24
6197.24
6197.24
5974.85
5974.85
5974.85
6034.15
6034.15
6034.15
6256.54
6286.19
6286.19
6286.19
6197.24
6197.24
6197.24
6197.24
6197.24
11685.0
11685.0
11685.0
11685.0
11685.0
11485.0
11485.0
11485.0
11485.0
11485.0
6404.79
6404.79
6404.79
6404.79
6404.79
6595.0
6595.0
6595.0
6226.89
6226.89
6226.89
11605.0
11485.0
10835.0
11175.0
11175.0
11175.0
11175.0
11175.0
17755.0
17815.0
19525.0
17785.0
17785.0
18115.0
17965.0
17965.0
17965.0
11035.0
10995.0
11035.0
10835.0
17785.0
18115.0
17755.0
17815.0
19525.0
17785.0
