23.469558953965464
32.201070787837686
63.999287629444886
43.45117641977459
48.65751447623759
38.16880864914097
41.531344787438826
18.485237994755977
42.80932054009078
32.90795896921439
35.01579511932199
32.22255006866169
42.054661386372636
68.7497604433512
45.39971079223656
39.21822991509437
37.909739338689896
44.502677099926316
55.22600068686114
60.581596627829754
41.913804154454496
53.35259502756287
72.86643427674618
24.12921629164502
62.138869922720836
54.96064344910665
30.565848808935776
15.136342615765976
