10955.0
10955.0
10955.0
10875.0
11035.0
11035.0
11035.0
10755.0
10755.0
10835.0
10835.0
10835.0
10835.0
5945.2
5945.2
6063.8
6063.8
6655.0
6655.0
5945.2
5945.2
6725.0
6725.0
6725.0
6725.0
6815.0
6815.0
6815.0
6815.0
10995.0
10995.0
10995.0
10995.0
11115.0
11115.0
11115.0
11115.0
6034.15
6034.15
6034.15
6034.15
6004.5
6004.5
6004.5
6004.5
11525.0
11525.0
11685.0
11685.0
11245.0
11245.0
11365.0
11365.0
10955.0
10955.0
10955.0
11075.0
11075.0
11075.0
10795.0
10795.0
10795.0
10715.0
10715.0
10715.0
11245.0
11245.0
11245.0
11245.0
11565.0
6315.84
6315.84
6315.84
6256.54
6256.54
6845.0
6845.0
6845.0
6725.0
6725.0
11115.0
11115.0
11115.0
10955.0
10955.0
6034.15
6034.15
6034.15
6034.15
6123.1
6123.1
6123.1
6815.0
6815.0
6815.0
6755.0
6685.0
6685.0
6685.0
6286.19
6286.19
6286.19
6345.49
6345.49
6345.49
6256.54
6256.54
5945.2
5945.2
5945.2
6004.5
6004.5
6375.14
6375.14
6375.14
6555.0
6555.0
6404.79
6404.79
6404.79
6197.24
6375.14
6345.49
6345.49
6345.49
10995.0
10995.0
11035.0
11035.0
6226.89
6226.89
6404.79
6404.79
10755.0
10755.0
10755.0
10755.0
11215.0
11215.0
11245.0
11245.0
11245.0
11605.0
11605.0
11245.0
11245.0
